# Occurrences, number of packets per IP address
# 591 2 means that there were 591 unique source IP addresses that sent 2 packets
    591 2
    283 10
    240 8
    190 4
     78 6
     47 16
     30 12
     29 20
     11 14
     10 310
     10 24
      9 294
      8 48
      8 306
      8 298
      8 18
      7 30
      7 296
      5 50
      5 290
      5 288
      4 304
      4 28
      4 26
      4 240
      3 32
      3 308
      3 302
      3 300
      3 292
      3 286
      3 280
      2 94
      2 90
      2 82
      2 80
      2 52
      2 34
      2 274
      2 268
      2 246
      2 162
      2 156
      2 140
      2 122
      2 100
      1 98
      1 96
      1 902
      1 88
      1 84
      1 78
      1 752
      1 74
      1 66
      1 64
      1 62
      1 60
      1 58
      1 558
      1 40
      1 38
      1 36
      1 314
      1 284
      1 278
      1 276
      1 270
      1 264
      1 256
      1 250
      1 238
      1 236
      1 234
      1 230
      1 224
      1 22
      1 218
      1 216
      1 208
      1 202
      1 190
      1 174
      1 158
      1 154
      1 150
      1 138
      1 134
      1 118
      1 114
      1 112
      1 106
